[TAMandelBrotAloneMain]
FormVersion=0
Flags=0
ShowCmd=1
PixelsPerInch=96
MinMaxPos(1920x1080)=-1,-1,-1,-1
MinMaxPos=-1,-1,-1,-1
NormPos(1920x1080)=698,250,1657,976
NormPos=83,30,986,704
Visible=0
ETheme_Tag=0
EMaxCount_Value=255
EXmin_Value=-1.15635725865389416
EXmax_Value=-1.15051678298346705
EYmin_Value=-0.279230442176871041
EYmax_Value=-0.271417942176871041
MinMaxPos(1024x768)=-1,-1,-1,-1
NormPos(1024x768)=83,30,986,704
MinMaxPos(1280x1024)=-1,-1,-1,-1
NormPos(1280x1024)=62,0,965,674
