[TAMandelBrotAloneMain]
FormVersion=0
Flags=0
ShowCmd=1
PixelsPerInch=96
MinMaxPos(1280x1024)=-1,-1,-1,-1
MinMaxPos=-1,-1,-1,-1
NormPos(1280x1024)=441,449,1074,977
NormPos=441,449,1074,977
Visible=0
ETheme_Tag=2
EMaxCount_Value=255
EXmin_Value=0.208765460526315783
EXmax_Value=0.216715460526315795
EYmin_Value=0.543875452488687849
EYmax_Value=0.549425452488687793
