[TAMandelBrotAloneMain]
FormVersion=0
Flags=0
ShowCmd=1
PixelsPerInch=96
MinMaxPos(1920x1080)=-1,-1,-1,-1
MinMaxPos=-1,-1,-1,-1
NormPos(1920x1080)=698,250,1657,976
NormPos=62,0,965,674
Visible=0
ETheme_Tag=2
EMaxCount_Value=255
EXmin_Value=-1.63168584981454723
EXmax_Value=-1.63096566277724664
EYmin_Value=-0.000489111660289112313
EYmax_Value=0.000487450839710887578
MinMaxPos(1024x768)=-1,-1,-1,-1
NormPos(1024x768)=62,0,965,674
MinMaxPos(1280x1024)=-1,-1,-1,-1
NormPos(1280x1024)=62,0,965,674
